{
 "cells": [
  {
   "cell_type": "markdown",
   "metadata": {},
   "source": [
    "This notebook is for unsderstanding Linear Regression of statsmodels\n",
    "\n",
    "Reference : \n",
    "https://www.statsmodels.org/stable/regression.html"
   ]
  },
  {
   "cell_type": "code",
   "execution_count": 1,
   "metadata": {},
   "outputs": [],
   "source": [
    "import warnings\n",
    "warnings.simplefilter(action='ignore', category=FutureWarning)\n",
    "\n",
    "import matplotlib.pylab as plt\n",
    "import pandas as pd\n",
    "from sklearn import datasets\n",
    "from sklearn.model_selection import train_test_split\n",
    "import seaborn as sns\n",
    "import statsmodels.api as sm\n",
    "from statsmodels.stats.outliers_influence import variance_inflation_factor\n",
    "\n",
    "%load_ext autoreload\n",
    "%autoreload 2\n",
    "%matplotlib inline"
   ]
  },
  {
   "cell_type": "code",
   "execution_count": 2,
   "metadata": {
    "collapsed": true
   },
   "outputs": [],
   "source": [
    "# load data to use\n",
    "boston_data = datasets.load_boston()"
   ]
  },
  {
   "cell_type": "markdown",
   "metadata": {},
   "source": [
    "# Prepare Data"
   ]
  },
  {
   "cell_type": "code",
   "execution_count": 3,
   "metadata": {},
   "outputs": [
    {
     "name": "stdout",
     "output_type": "stream",
     "text": [
      "X :  (506, 13)\n",
      "Y :  (506,)\n",
      "Feature names ['CRIM' 'ZN' 'INDUS' 'CHAS' 'NOX' 'RM' 'AGE' 'DIS' 'RAD' 'TAX' 'PTRATIO'\n",
      " 'B' 'LSTAT']\n"
     ]
    }
   ],
   "source": [
    "# check features and target\n",
    "print('X : ', boston_data.data.shape)\n",
    "print('Y : ', boston_data.target.shape)\n",
    "\n",
    "print('Feature names', boston_data.feature_names)"
   ]
  },
  {
   "cell_type": "code",
   "execution_count": 4,
   "metadata": {},
   "outputs": [
    {
     "data": {
      "text/html": [
       "<div>\n",
       "<style>\n",
       "    .dataframe thead tr:only-child th {\n",
       "        text-align: right;\n",
       "    }\n",
       "\n",
       "    .dataframe thead th {\n",
       "        text-align: left;\n",
       "    }\n",
       "\n",
       "    .dataframe tbody tr th {\n",
       "        vertical-align: top;\n",
       "    }\n",
       "</style>\n",
       "<table border=\"1\" class=\"dataframe\">\n",
       "  <thead>\n",
       "    <tr style=\"text-align: right;\">\n",
       "      <th></th>\n",
       "      <th>CRIM</th>\n",
       "      <th>ZN</th>\n",
       "      <th>INDUS</th>\n",
       "      <th>CHAS</th>\n",
       "      <th>NOX</th>\n",
       "      <th>RM</th>\n",
       "      <th>AGE</th>\n",
       "      <th>DIS</th>\n",
       "      <th>RAD</th>\n",
       "      <th>TAX</th>\n",
       "      <th>PTRATIO</th>\n",
       "      <th>B</th>\n",
       "      <th>LSTAT</th>\n",
       "    </tr>\n",
       "  </thead>\n",
       "  <tbody>\n",
       "    <tr>\n",
       "      <th>0</th>\n",
       "      <td>0.00632</td>\n",
       "      <td>18.0</td>\n",
       "      <td>2.31</td>\n",
       "      <td>0.0</td>\n",
       "      <td>0.538</td>\n",
       "      <td>6.575</td>\n",
       "      <td>65.2</td>\n",
       "      <td>4.0900</td>\n",
       "      <td>1.0</td>\n",
       "      <td>296.0</td>\n",
       "      <td>15.3</td>\n",
       "      <td>396.90</td>\n",
       "      <td>4.98</td>\n",
       "    </tr>\n",
       "    <tr>\n",
       "      <th>1</th>\n",
       "      <td>0.02731</td>\n",
       "      <td>0.0</td>\n",
       "      <td>7.07</td>\n",
       "      <td>0.0</td>\n",
       "      <td>0.469</td>\n",
       "      <td>6.421</td>\n",
       "      <td>78.9</td>\n",
       "      <td>4.9671</td>\n",
       "      <td>2.0</td>\n",
       "      <td>242.0</td>\n",
       "      <td>17.8</td>\n",
       "      <td>396.90</td>\n",
       "      <td>9.14</td>\n",
       "    </tr>\n",
       "    <tr>\n",
       "      <th>2</th>\n",
       "      <td>0.02729</td>\n",
       "      <td>0.0</td>\n",
       "      <td>7.07</td>\n",
       "      <td>0.0</td>\n",
       "      <td>0.469</td>\n",
       "      <td>7.185</td>\n",
       "      <td>61.1</td>\n",
       "      <td>4.9671</td>\n",
       "      <td>2.0</td>\n",
       "      <td>242.0</td>\n",
       "      <td>17.8</td>\n",
       "      <td>392.83</td>\n",
       "      <td>4.03</td>\n",
       "    </tr>\n",
       "    <tr>\n",
       "      <th>3</th>\n",
       "      <td>0.03237</td>\n",
       "      <td>0.0</td>\n",
       "      <td>2.18</td>\n",
       "      <td>0.0</td>\n",
       "      <td>0.458</td>\n",
       "      <td>6.998</td>\n",
       "      <td>45.8</td>\n",
       "      <td>6.0622</td>\n",
       "      <td>3.0</td>\n",
       "      <td>222.0</td>\n",
       "      <td>18.7</td>\n",
       "      <td>394.63</td>\n",
       "      <td>2.94</td>\n",
       "    </tr>\n",
       "    <tr>\n",
       "      <th>4</th>\n",
       "      <td>0.06905</td>\n",
       "      <td>0.0</td>\n",
       "      <td>2.18</td>\n",
       "      <td>0.0</td>\n",
       "      <td>0.458</td>\n",
       "      <td>7.147</td>\n",
       "      <td>54.2</td>\n",
       "      <td>6.0622</td>\n",
       "      <td>3.0</td>\n",
       "      <td>222.0</td>\n",
       "      <td>18.7</td>\n",
       "      <td>396.90</td>\n",
       "      <td>5.33</td>\n",
       "    </tr>\n",
       "  </tbody>\n",
       "</table>\n",
       "</div>"
      ],
      "text/plain": [
       "      CRIM    ZN  INDUS  CHAS    NOX     RM   AGE     DIS  RAD    TAX  \\\n",
       "0  0.00632  18.0   2.31   0.0  0.538  6.575  65.2  4.0900  1.0  296.0   \n",
       "1  0.02731   0.0   7.07   0.0  0.469  6.421  78.9  4.9671  2.0  242.0   \n",
       "2  0.02729   0.0   7.07   0.0  0.469  7.185  61.1  4.9671  2.0  242.0   \n",
       "3  0.03237   0.0   2.18   0.0  0.458  6.998  45.8  6.0622  3.0  222.0   \n",
       "4  0.06905   0.0   2.18   0.0  0.458  7.147  54.2  6.0622  3.0  222.0   \n",
       "\n",
       "   PTRATIO       B  LSTAT  \n",
       "0     15.3  396.90   4.98  \n",
       "1     17.8  396.90   9.14  \n",
       "2     17.8  392.83   4.03  \n",
       "3     18.7  394.63   2.94  \n",
       "4     18.7  396.90   5.33  "
      ]
     },
     "execution_count": 4,
     "metadata": {},
     "output_type": "execute_result"
    }
   ],
   "source": [
    "X = pd.DataFrame(boston_data.data, columns=boston_data.feature_names)\n",
    "X.head()"
   ]
  },
  {
   "cell_type": "code",
   "execution_count": 5,
   "metadata": {},
   "outputs": [],
   "source": [
    "# target\n",
    "Y = pd.DataFrame(boston_data.target, columns=['target'])"
   ]
  },
  {
   "cell_type": "code",
   "execution_count": 6,
   "metadata": {},
   "outputs": [
    {
     "data": {
      "text/html": [
       "<div>\n",
       "<style>\n",
       "    .dataframe thead tr:only-child th {\n",
       "        text-align: right;\n",
       "    }\n",
       "\n",
       "    .dataframe thead th {\n",
       "        text-align: left;\n",
       "    }\n",
       "\n",
       "    .dataframe tbody tr th {\n",
       "        vertical-align: top;\n",
       "    }\n",
       "</style>\n",
       "<table border=\"1\" class=\"dataframe\">\n",
       "  <thead>\n",
       "    <tr style=\"text-align: right;\">\n",
       "      <th></th>\n",
       "      <th>target</th>\n",
       "      <th>CRIM</th>\n",
       "      <th>ZN</th>\n",
       "      <th>INDUS</th>\n",
       "      <th>CHAS</th>\n",
       "      <th>NOX</th>\n",
       "      <th>RM</th>\n",
       "      <th>AGE</th>\n",
       "      <th>DIS</th>\n",
       "      <th>RAD</th>\n",
       "      <th>TAX</th>\n",
       "      <th>PTRATIO</th>\n",
       "      <th>B</th>\n",
       "      <th>LSTAT</th>\n",
       "    </tr>\n",
       "  </thead>\n",
       "  <tbody>\n",
       "    <tr>\n",
       "      <th>target</th>\n",
       "      <td>1.000000</td>\n",
       "      <td>-0.385832</td>\n",
       "      <td>0.360445</td>\n",
       "      <td>-0.483725</td>\n",
       "      <td>0.175260</td>\n",
       "      <td>-0.427321</td>\n",
       "      <td>0.695360</td>\n",
       "      <td>-0.376955</td>\n",
       "      <td>0.249929</td>\n",
       "      <td>-0.381626</td>\n",
       "      <td>-0.468536</td>\n",
       "      <td>-0.507787</td>\n",
       "      <td>0.333461</td>\n",
       "      <td>-0.737663</td>\n",
       "    </tr>\n",
       "    <tr>\n",
       "      <th>CRIM</th>\n",
       "      <td>-0.385832</td>\n",
       "      <td>1.000000</td>\n",
       "      <td>-0.199458</td>\n",
       "      <td>0.404471</td>\n",
       "      <td>-0.055295</td>\n",
       "      <td>0.417521</td>\n",
       "      <td>-0.219940</td>\n",
       "      <td>0.350784</td>\n",
       "      <td>-0.377904</td>\n",
       "      <td>0.622029</td>\n",
       "      <td>0.579564</td>\n",
       "      <td>0.288250</td>\n",
       "      <td>-0.377365</td>\n",
       "      <td>0.452220</td>\n",
       "    </tr>\n",
       "    <tr>\n",
       "      <th>ZN</th>\n",
       "      <td>0.360445</td>\n",
       "      <td>-0.199458</td>\n",
       "      <td>1.000000</td>\n",
       "      <td>-0.533828</td>\n",
       "      <td>-0.042697</td>\n",
       "      <td>-0.516604</td>\n",
       "      <td>0.311991</td>\n",
       "      <td>-0.569537</td>\n",
       "      <td>0.664408</td>\n",
       "      <td>-0.311948</td>\n",
       "      <td>-0.314563</td>\n",
       "      <td>-0.391679</td>\n",
       "      <td>0.175520</td>\n",
       "      <td>-0.412995</td>\n",
       "    </tr>\n",
       "    <tr>\n",
       "      <th>INDUS</th>\n",
       "      <td>-0.483725</td>\n",
       "      <td>0.404471</td>\n",
       "      <td>-0.533828</td>\n",
       "      <td>1.000000</td>\n",
       "      <td>0.062938</td>\n",
       "      <td>0.763651</td>\n",
       "      <td>-0.391676</td>\n",
       "      <td>0.644779</td>\n",
       "      <td>-0.708027</td>\n",
       "      <td>0.595129</td>\n",
       "      <td>0.720760</td>\n",
       "      <td>0.383248</td>\n",
       "      <td>-0.356977</td>\n",
       "      <td>0.603800</td>\n",
       "    </tr>\n",
       "    <tr>\n",
       "      <th>CHAS</th>\n",
       "      <td>0.175260</td>\n",
       "      <td>-0.055295</td>\n",
       "      <td>-0.042697</td>\n",
       "      <td>0.062938</td>\n",
       "      <td>1.000000</td>\n",
       "      <td>0.091203</td>\n",
       "      <td>0.091251</td>\n",
       "      <td>0.086518</td>\n",
       "      <td>-0.099176</td>\n",
       "      <td>-0.007368</td>\n",
       "      <td>-0.035587</td>\n",
       "      <td>-0.121515</td>\n",
       "      <td>0.048788</td>\n",
       "      <td>-0.053929</td>\n",
       "    </tr>\n",
       "    <tr>\n",
       "      <th>NOX</th>\n",
       "      <td>-0.427321</td>\n",
       "      <td>0.417521</td>\n",
       "      <td>-0.516604</td>\n",
       "      <td>0.763651</td>\n",
       "      <td>0.091203</td>\n",
       "      <td>1.000000</td>\n",
       "      <td>-0.302188</td>\n",
       "      <td>0.731470</td>\n",
       "      <td>-0.769230</td>\n",
       "      <td>0.611441</td>\n",
       "      <td>0.668023</td>\n",
       "      <td>0.188933</td>\n",
       "      <td>-0.380051</td>\n",
       "      <td>0.590879</td>\n",
       "    </tr>\n",
       "    <tr>\n",
       "      <th>RM</th>\n",
       "      <td>0.695360</td>\n",
       "      <td>-0.219940</td>\n",
       "      <td>0.311991</td>\n",
       "      <td>-0.391676</td>\n",
       "      <td>0.091251</td>\n",
       "      <td>-0.302188</td>\n",
       "      <td>1.000000</td>\n",
       "      <td>-0.240265</td>\n",
       "      <td>0.205246</td>\n",
       "      <td>-0.209847</td>\n",
       "      <td>-0.292048</td>\n",
       "      <td>-0.355501</td>\n",
       "      <td>0.128069</td>\n",
       "      <td>-0.613808</td>\n",
       "    </tr>\n",
       "    <tr>\n",
       "      <th>AGE</th>\n",
       "      <td>-0.376955</td>\n",
       "      <td>0.350784</td>\n",
       "      <td>-0.569537</td>\n",
       "      <td>0.644779</td>\n",
       "      <td>0.086518</td>\n",
       "      <td>0.731470</td>\n",
       "      <td>-0.240265</td>\n",
       "      <td>1.000000</td>\n",
       "      <td>-0.747881</td>\n",
       "      <td>0.456022</td>\n",
       "      <td>0.506456</td>\n",
       "      <td>0.261515</td>\n",
       "      <td>-0.273534</td>\n",
       "      <td>0.602339</td>\n",
       "    </tr>\n",
       "    <tr>\n",
       "      <th>DIS</th>\n",
       "      <td>0.249929</td>\n",
       "      <td>-0.377904</td>\n",
       "      <td>0.664408</td>\n",
       "      <td>-0.708027</td>\n",
       "      <td>-0.099176</td>\n",
       "      <td>-0.769230</td>\n",
       "      <td>0.205246</td>\n",
       "      <td>-0.747881</td>\n",
       "      <td>1.000000</td>\n",
       "      <td>-0.494588</td>\n",
       "      <td>-0.534432</td>\n",
       "      <td>-0.232471</td>\n",
       "      <td>0.291512</td>\n",
       "      <td>-0.496996</td>\n",
       "    </tr>\n",
       "    <tr>\n",
       "      <th>RAD</th>\n",
       "      <td>-0.381626</td>\n",
       "      <td>0.622029</td>\n",
       "      <td>-0.311948</td>\n",
       "      <td>0.595129</td>\n",
       "      <td>-0.007368</td>\n",
       "      <td>0.611441</td>\n",
       "      <td>-0.209847</td>\n",
       "      <td>0.456022</td>\n",
       "      <td>-0.494588</td>\n",
       "      <td>1.000000</td>\n",
       "      <td>0.910228</td>\n",
       "      <td>0.464741</td>\n",
       "      <td>-0.444413</td>\n",
       "      <td>0.488676</td>\n",
       "    </tr>\n",
       "    <tr>\n",
       "      <th>TAX</th>\n",
       "      <td>-0.468536</td>\n",
       "      <td>0.579564</td>\n",
       "      <td>-0.314563</td>\n",
       "      <td>0.720760</td>\n",
       "      <td>-0.035587</td>\n",
       "      <td>0.668023</td>\n",
       "      <td>-0.292048</td>\n",
       "      <td>0.506456</td>\n",
       "      <td>-0.534432</td>\n",
       "      <td>0.910228</td>\n",
       "      <td>1.000000</td>\n",
       "      <td>0.460853</td>\n",
       "      <td>-0.441808</td>\n",
       "      <td>0.543993</td>\n",
       "    </tr>\n",
       "    <tr>\n",
       "      <th>PTRATIO</th>\n",
       "      <td>-0.507787</td>\n",
       "      <td>0.288250</td>\n",
       "      <td>-0.391679</td>\n",
       "      <td>0.383248</td>\n",
       "      <td>-0.121515</td>\n",
       "      <td>0.188933</td>\n",
       "      <td>-0.355501</td>\n",
       "      <td>0.261515</td>\n",
       "      <td>-0.232471</td>\n",
       "      <td>0.464741</td>\n",
       "      <td>0.460853</td>\n",
       "      <td>1.000000</td>\n",
       "      <td>-0.177383</td>\n",
       "      <td>0.374044</td>\n",
       "    </tr>\n",
       "    <tr>\n",
       "      <th>B</th>\n",
       "      <td>0.333461</td>\n",
       "      <td>-0.377365</td>\n",
       "      <td>0.175520</td>\n",
       "      <td>-0.356977</td>\n",
       "      <td>0.048788</td>\n",
       "      <td>-0.380051</td>\n",
       "      <td>0.128069</td>\n",
       "      <td>-0.273534</td>\n",
       "      <td>0.291512</td>\n",
       "      <td>-0.444413</td>\n",
       "      <td>-0.441808</td>\n",
       "      <td>-0.177383</td>\n",
       "      <td>1.000000</td>\n",
       "      <td>-0.366087</td>\n",
       "    </tr>\n",
       "    <tr>\n",
       "      <th>LSTAT</th>\n",
       "      <td>-0.737663</td>\n",
       "      <td>0.452220</td>\n",
       "      <td>-0.412995</td>\n",
       "      <td>0.603800</td>\n",
       "      <td>-0.053929</td>\n",
       "      <td>0.590879</td>\n",
       "      <td>-0.613808</td>\n",
       "      <td>0.602339</td>\n",
       "      <td>-0.496996</td>\n",
       "      <td>0.488676</td>\n",
       "      <td>0.543993</td>\n",
       "      <td>0.374044</td>\n",
       "      <td>-0.366087</td>\n",
       "      <td>1.000000</td>\n",
       "    </tr>\n",
       "  </tbody>\n",
       "</table>\n",
       "</div>"
      ],
      "text/plain": [
       "           target      CRIM        ZN     INDUS      CHAS       NOX        RM  \\\n",
       "target   1.000000 -0.385832  0.360445 -0.483725  0.175260 -0.427321  0.695360   \n",
       "CRIM    -0.385832  1.000000 -0.199458  0.404471 -0.055295  0.417521 -0.219940   \n",
       "ZN       0.360445 -0.199458  1.000000 -0.533828 -0.042697 -0.516604  0.311991   \n",
       "INDUS   -0.483725  0.404471 -0.533828  1.000000  0.062938  0.763651 -0.391676   \n",
       "CHAS     0.175260 -0.055295 -0.042697  0.062938  1.000000  0.091203  0.091251   \n",
       "NOX     -0.427321  0.417521 -0.516604  0.763651  0.091203  1.000000 -0.302188   \n",
       "RM       0.695360 -0.219940  0.311991 -0.391676  0.091251 -0.302188  1.000000   \n",
       "AGE     -0.376955  0.350784 -0.569537  0.644779  0.086518  0.731470 -0.240265   \n",
       "DIS      0.249929 -0.377904  0.664408 -0.708027 -0.099176 -0.769230  0.205246   \n",
       "RAD     -0.381626  0.622029 -0.311948  0.595129 -0.007368  0.611441 -0.209847   \n",
       "TAX     -0.468536  0.579564 -0.314563  0.720760 -0.035587  0.668023 -0.292048   \n",
       "PTRATIO -0.507787  0.288250 -0.391679  0.383248 -0.121515  0.188933 -0.355501   \n",
       "B        0.333461 -0.377365  0.175520 -0.356977  0.048788 -0.380051  0.128069   \n",
       "LSTAT   -0.737663  0.452220 -0.412995  0.603800 -0.053929  0.590879 -0.613808   \n",
       "\n",
       "              AGE       DIS       RAD       TAX   PTRATIO         B     LSTAT  \n",
       "target  -0.376955  0.249929 -0.381626 -0.468536 -0.507787  0.333461 -0.737663  \n",
       "CRIM     0.350784 -0.377904  0.622029  0.579564  0.288250 -0.377365  0.452220  \n",
       "ZN      -0.569537  0.664408 -0.311948 -0.314563 -0.391679  0.175520 -0.412995  \n",
       "INDUS    0.644779 -0.708027  0.595129  0.720760  0.383248 -0.356977  0.603800  \n",
       "CHAS     0.086518 -0.099176 -0.007368 -0.035587 -0.121515  0.048788 -0.053929  \n",
       "NOX      0.731470 -0.769230  0.611441  0.668023  0.188933 -0.380051  0.590879  \n",
       "RM      -0.240265  0.205246 -0.209847 -0.292048 -0.355501  0.128069 -0.613808  \n",
       "AGE      1.000000 -0.747881  0.456022  0.506456  0.261515 -0.273534  0.602339  \n",
       "DIS     -0.747881  1.000000 -0.494588 -0.534432 -0.232471  0.291512 -0.496996  \n",
       "RAD      0.456022 -0.494588  1.000000  0.910228  0.464741 -0.444413  0.488676  \n",
       "TAX      0.506456 -0.534432  0.910228  1.000000  0.460853 -0.441808  0.543993  \n",
       "PTRATIO  0.261515 -0.232471  0.464741  0.460853  1.000000 -0.177383  0.374044  \n",
       "B       -0.273534  0.291512 -0.444413 -0.441808 -0.177383  1.000000 -0.366087  \n",
       "LSTAT    0.602339 -0.496996  0.488676  0.543993  0.374044 -0.366087  1.000000  "
      ]
     },
     "execution_count": 6,
     "metadata": {},
     "output_type": "execute_result"
    }
   ],
   "source": [
    "# Correlation coefficient\n",
    "Z = pd.concat([Y, X], axis=1)\n",
    "Z.corr()"
   ]
  },
  {
   "cell_type": "markdown",
   "metadata": {},
   "source": [
    "# Modeling"
   ]
  },
  {
   "cell_type": "code",
   "execution_count": 7,
   "metadata": {},
   "outputs": [
    {
     "data": {
      "text/html": [
       "<table class=\"simpletable\">\n",
       "<caption>OLS Regression Results</caption>\n",
       "<tr>\n",
       "  <th>Dep. Variable:</th>         <td>target</td>      <th>  R-squared:         </th> <td>   0.751</td> \n",
       "</tr>\n",
       "<tr>\n",
       "  <th>Model:</th>                   <td>OLS</td>       <th>  Adj. R-squared:    </th> <td>   0.743</td> \n",
       "</tr>\n",
       "<tr>\n",
       "  <th>Method:</th>             <td>Least Squares</td>  <th>  F-statistic:       </th> <td>   90.43</td> \n",
       "</tr>\n",
       "<tr>\n",
       "  <th>Date:</th>             <td>Sun, 10 Feb 2019</td> <th>  Prob (F-statistic):</th> <td>6.22e-109</td>\n",
       "</tr>\n",
       "<tr>\n",
       "  <th>Time:</th>                 <td>15:22:42</td>     <th>  Log-Likelihood:    </th> <td> -1194.3</td> \n",
       "</tr>\n",
       "<tr>\n",
       "  <th>No. Observations:</th>      <td>   404</td>      <th>  AIC:               </th> <td>   2417.</td> \n",
       "</tr>\n",
       "<tr>\n",
       "  <th>Df Residuals:</th>          <td>   390</td>      <th>  BIC:               </th> <td>   2473.</td> \n",
       "</tr>\n",
       "<tr>\n",
       "  <th>Df Model:</th>              <td>    13</td>      <th>                     </th>     <td> </td>    \n",
       "</tr>\n",
       "<tr>\n",
       "  <th>Covariance Type:</th>      <td>nonrobust</td>    <th>                     </th>     <td> </td>    \n",
       "</tr>\n",
       "</table>\n",
       "<table class=\"simpletable\">\n",
       "<tr>\n",
       "     <td></td>        <th>coef</th>     <th>std err</th>      <th>t</th>      <th>P>|t|</th>  <th>[0.025</th>    <th>0.975]</th>  \n",
       "</tr>\n",
       "<tr>\n",
       "  <th>const</th>   <td>   30.2889</td> <td>    5.678</td> <td>    5.335</td> <td> 0.000</td> <td>   19.126</td> <td>   41.452</td>\n",
       "</tr>\n",
       "<tr>\n",
       "  <th>CRIM</th>    <td>   -0.1125</td> <td>    0.035</td> <td>   -3.250</td> <td> 0.001</td> <td>   -0.181</td> <td>   -0.044</td>\n",
       "</tr>\n",
       "<tr>\n",
       "  <th>ZN</th>      <td>    0.0301</td> <td>    0.016</td> <td>    1.881</td> <td> 0.061</td> <td>   -0.001</td> <td>    0.062</td>\n",
       "</tr>\n",
       "<tr>\n",
       "  <th>INDUS</th>   <td>    0.0407</td> <td>    0.067</td> <td>    0.605</td> <td> 0.546</td> <td>   -0.092</td> <td>    0.173</td>\n",
       "</tr>\n",
       "<tr>\n",
       "  <th>CHAS</th>    <td>    2.7868</td> <td>    0.956</td> <td>    2.916</td> <td> 0.004</td> <td>    0.908</td> <td>    4.666</td>\n",
       "</tr>\n",
       "<tr>\n",
       "  <th>NOX</th>     <td>  -17.2406</td> <td>    4.237</td> <td>   -4.069</td> <td> 0.000</td> <td>  -25.571</td> <td>   -8.911</td>\n",
       "</tr>\n",
       "<tr>\n",
       "  <th>RM</th>      <td>    4.4325</td> <td>    0.464</td> <td>    9.551</td> <td> 0.000</td> <td>    3.520</td> <td>    5.345</td>\n",
       "</tr>\n",
       "<tr>\n",
       "  <th>AGE</th>     <td>   -0.0062</td> <td>    0.015</td> <td>   -0.428</td> <td> 0.669</td> <td>   -0.035</td> <td>    0.022</td>\n",
       "</tr>\n",
       "<tr>\n",
       "  <th>DIS</th>     <td>   -1.4485</td> <td>    0.226</td> <td>   -6.410</td> <td> 0.000</td> <td>   -1.893</td> <td>   -1.004</td>\n",
       "</tr>\n",
       "<tr>\n",
       "  <th>RAD</th>     <td>    0.2621</td> <td>    0.076</td> <td>    3.451</td> <td> 0.001</td> <td>    0.113</td> <td>    0.411</td>\n",
       "</tr>\n",
       "<tr>\n",
       "  <th>TAX</th>     <td>   -0.0106</td> <td>    0.004</td> <td>   -2.506</td> <td> 0.013</td> <td>   -0.019</td> <td>   -0.002</td>\n",
       "</tr>\n",
       "<tr>\n",
       "  <th>PTRATIO</th> <td>   -0.9164</td> <td>    0.144</td> <td>   -6.364</td> <td> 0.000</td> <td>   -1.200</td> <td>   -0.633</td>\n",
       "</tr>\n",
       "<tr>\n",
       "  <th>B</th>       <td>    0.0125</td> <td>    0.003</td> <td>    4.203</td> <td> 0.000</td> <td>    0.007</td> <td>    0.018</td>\n",
       "</tr>\n",
       "<tr>\n",
       "  <th>LSTAT</th>   <td>   -0.5093</td> <td>    0.056</td> <td>   -9.151</td> <td> 0.000</td> <td>   -0.619</td> <td>   -0.400</td>\n",
       "</tr>\n",
       "</table>\n",
       "<table class=\"simpletable\">\n",
       "<tr>\n",
       "  <th>Omnibus:</th>       <td>133.030</td> <th>  Durbin-Watson:     </th> <td>   2.113</td> \n",
       "</tr>\n",
       "<tr>\n",
       "  <th>Prob(Omnibus):</th> <td> 0.000</td>  <th>  Jarque-Bera (JB):  </th> <td> 578.504</td> \n",
       "</tr>\n",
       "<tr>\n",
       "  <th>Skew:</th>          <td> 1.379</td>  <th>  Prob(JB):          </th> <td>2.40e-126</td>\n",
       "</tr>\n",
       "<tr>\n",
       "  <th>Kurtosis:</th>      <td> 8.173</td>  <th>  Cond. No.          </th> <td>1.49e+04</td> \n",
       "</tr>\n",
       "</table>"
      ],
      "text/plain": [
       "<class 'statsmodels.iolib.summary.Summary'>\n",
       "\"\"\"\n",
       "                            OLS Regression Results                            \n",
       "==============================================================================\n",
       "Dep. Variable:                 target   R-squared:                       0.751\n",
       "Model:                            OLS   Adj. R-squared:                  0.743\n",
       "Method:                 Least Squares   F-statistic:                     90.43\n",
       "Date:                Sun, 10 Feb 2019   Prob (F-statistic):          6.22e-109\n",
       "Time:                        15:22:42   Log-Likelihood:                -1194.3\n",
       "No. Observations:                 404   AIC:                             2417.\n",
       "Df Residuals:                     390   BIC:                             2473.\n",
       "Df Model:                          13                                         \n",
       "Covariance Type:            nonrobust                                         \n",
       "==============================================================================\n",
       "                 coef    std err          t      P>|t|      [0.025      0.975]\n",
       "------------------------------------------------------------------------------\n",
       "const         30.2889      5.678      5.335      0.000      19.126      41.452\n",
       "CRIM          -0.1125      0.035     -3.250      0.001      -0.181      -0.044\n",
       "ZN             0.0301      0.016      1.881      0.061      -0.001       0.062\n",
       "INDUS          0.0407      0.067      0.605      0.546      -0.092       0.173\n",
       "CHAS           2.7868      0.956      2.916      0.004       0.908       4.666\n",
       "NOX          -17.2406      4.237     -4.069      0.000     -25.571      -8.911\n",
       "RM             4.4325      0.464      9.551      0.000       3.520       5.345\n",
       "AGE           -0.0062      0.015     -0.428      0.669      -0.035       0.022\n",
       "DIS           -1.4485      0.226     -6.410      0.000      -1.893      -1.004\n",
       "RAD            0.2621      0.076      3.451      0.001       0.113       0.411\n",
       "TAX           -0.0106      0.004     -2.506      0.013      -0.019      -0.002\n",
       "PTRATIO       -0.9164      0.144     -6.364      0.000      -1.200      -0.633\n",
       "B              0.0125      0.003      4.203      0.000       0.007       0.018\n",
       "LSTAT         -0.5093      0.056     -9.151      0.000      -0.619      -0.400\n",
       "==============================================================================\n",
       "Omnibus:                      133.030   Durbin-Watson:                   2.113\n",
       "Prob(Omnibus):                  0.000   Jarque-Bera (JB):              578.504\n",
       "Skew:                           1.379   Prob(JB):                    2.40e-126\n",
       "Kurtosis:                       8.173   Cond. No.                     1.49e+04\n",
       "==============================================================================\n",
       "\n",
       "Warnings:\n",
       "[1] Standard Errors assume that the covariance matrix of the errors is correctly specified.\n",
       "[2] The condition number is large, 1.49e+04. This might indicate that there are\n",
       "strong multicollinearity or other numerical problems.\n",
       "\"\"\""
      ]
     },
     "execution_count": 7,
     "metadata": {},
     "output_type": "execute_result"
    }
   ],
   "source": [
    "# fit data to OLS(Ordinary Least Square)\n",
    "X = sm.add_constant(X) # add constant term to features\n",
    "\n",
    "# split training data and validation data\n",
    "X_train, X_val, Y_train, Y_val = train_test_split(X, Y, test_size=0.2, random_state=42)\n",
    "\n",
    "model = sm.OLS(Y_train, X_train)\n",
    "result = model.fit()\n",
    "\n",
    "# dispalay result\n",
    "result.summary()"
   ]
  },
  {
   "cell_type": "code",
   "execution_count": 8,
   "metadata": {},
   "outputs": [
    {
     "data": {
      "text/plain": [
       "const      30.288948\n",
       "CRIM       -0.112463\n",
       "ZN          0.030081\n",
       "INDUS       0.040731\n",
       "CHAS        2.786767\n",
       "NOX       -17.240635\n",
       "RM          4.432488\n",
       "AGE        -0.006240\n",
       "DIS        -1.448485\n",
       "RAD         0.262114\n",
       "TAX        -0.010639\n",
       "PTRATIO    -0.916399\n",
       "B           0.012452\n",
       "LSTAT      -0.509349\n",
       "dtype: float64"
      ]
     },
     "execution_count": 8,
     "metadata": {},
     "output_type": "execute_result"
    }
   ],
   "source": [
    "# dispalay estimated params\n",
    "result.params"
   ]
  },
  {
   "cell_type": "markdown",
   "metadata": {},
   "source": [
    "# Prediction"
   ]
  },
  {
   "cell_type": "code",
   "execution_count": 9,
   "metadata": {
    "collapsed": true
   },
   "outputs": [],
   "source": [
    "# predict\n",
    "preds_train = result.predict(X_train) \n",
    "preds_val = result.predict(X_val)"
   ]
  },
  {
   "cell_type": "code",
   "execution_count": 10,
   "metadata": {},
   "outputs": [
    {
     "data": {
      "text/plain": [
       "[<matplotlib.lines.Line2D at 0x12e726d68>]"
      ]
     },
     "execution_count": 10,
     "metadata": {},
     "output_type": "execute_result"
    },
    {
     "data": {
